0.30987459
0.30987429
0.30987297
0.30986941
0.30986191
0.30984826
0.30982574
0.30979115
0.30974078
0.30967040
0.30957529
0.30945023
0.30928949
0.30908688
0.30883573
0.30852898
0.30815915
0.30771843
0.30719875
0.30659182
0.30588927
0.30508272
0.30416391
0.30312486
0.30195801
0.30065635
0.29921368
0.29762470
0.29588525
0.29399245
0.29194488
0.28974271
0.28738777
0.28488369
0.28223585
0.27945133
0.27653887
0.27350860
0.27037187
0.26714091
0.26382845
0.26044734
0.25701010
0.25352843
0.25001286
0.24647231
0.24291378
0.23934217
0.23576011
0.23216803
0.22856426
0.22494536
0.22130647
0.21764178
0.21394507
0.21021022
0.20643176
0.20260531
0.19872787
0.19479814
0.19081656
0.18678532
0.18270822
0.17859043
0.17443821
0.17025861
0.16605914
0.16184741
0.15763094
0.15341682
0.14921163
0.14502119
0.14085054
0.13670389
0.13258459
0.12849519
0.12443752
0.12041279
0.11642175
0.11246484
0.10854237
0.10465471
0.10080240
0.09698640
0.09320812
0.08946956
0.08577334
0.08212271
0.07852149
0.07497398
0.07148486
0.06805903
0.06470145
0.06141696
0.05821016
0.05508524
0.05204588
0.04909519
0.04623564
0.04346907
0.04079671
0.03821926
0.03573693
0.03334956
0.03105671
0.02885778
0.02675208
0.02473894
0.02281774
0.02098794
0.01924911
0.01760090
0.01604294
0.01457484
0.01319605
0.01190577
0.01070290
0.00958596
0.00855299
0.00760162
0.00672899
0.00593185
0.00520661
0.00454939
0.00395617
0.00342282
0.00294526
0.00251945
0.00214154
0.00180781
0.00151476
0.00125906
0.00103755
0.00084720
0.00068508
0.00054836
0.00043426
0.00034011
0.00026332
0.00020143
0.00015216
0.00011341
0.00008331
0.00006022
0.00004274
0.00002971
0.00002015
0.00001328
0.00000846
0.00000518
0.00000302
0.00000167
0.00000087
0.00000042
0.00000019
0.00000008
0.00000003