    3.0000    2.2361    2.2361    2.2361    1.0000    1.0000    1.0000    1.0000    1.0000    0.0000    0.0000    0.0000   -0.0000   -2.0000   -2.0000   -2.0000   -2.0000   -2.2361   -2.2361   -2.2361
--------------------------------------------------------------------------------------------------------------------------------------------------------------------------------------------------------
   -0.2236   -0.0004   -0.3873    0.0045    0.0214    0.0015   -0.0076   -0.0373   -0.5000    0.1069    0.1366    0.4131    0.0751   -0.0227   -0.0038    0.4472   -0.0145   -0.0048    0.0811   -0.3873
   -0.2236   -0.0244   -0.2887   -0.2539   -0.2767   -0.0022    0.4029   -0.1147   -0.1667   -0.3449   -0.3491    0.0618    0.1589    0.0560    0.3145   -0.2981   -0.0123   -0.0594    0.1882    0.2887
   -0.2236   -0.2497   -0.1291   -0.2672   -0.4163    0.0215    0.1304   -0.2540    0.1667   -0.2607   -0.2066   -0.3204   -0.3304    0.2013   -0.3978    0.0745   -0.1216    0.2856   -0.2129   -0.1291
   -0.2236   -0.3649   -0.1291   -0.0170   -0.0387   -0.3774   -0.1041   -0.2224    0.1667    0.2598    0.2713   -0.1408    0.1316   -0.0831    0.1852    0.0745    0.3787   -0.2180    0.3289   -0.1291
   -0.2236   -0.2108   -0.2887    0.1509    0.0059   -0.2975   -0.3551    0.2196   -0.1667    0.2389    0.1479   -0.0137   -0.0352   -0.1515   -0.0981   -0.2981   -0.2303    0.2519   -0.1467    0.2887
   -0.2236    0.2344   -0.2887    0.1131    0.2922    0.3012   -0.0555   -0.1421   -0.1667    0.1060    0.2013   -0.0481   -0.1238    0.1409   -0.2088   -0.2981    0.2716   -0.1818   -0.2228    0.2887
   -0.2236    0.1956   -0.1291   -0.3050    0.1182   -0.0252    0.2801    0.1765    0.1667    0.1538    0.0700   -0.0926    0.2554   -0.2906   -0.2275    0.0745    0.1606   -0.1481   -0.2890   -0.1291
   -0.2236   -0.1690    0.1291   -0.3266   -0.1008    0.4011   -0.1684    0.0831    0.1667    0.0851    0.0779    0.0790   -0.2906   -0.3755    0.2959    0.0745   -0.1233   -0.3613   -0.0412    0.1291
   -0.2236   -0.3555    0.1291    0.0782    0.3716   -0.1014    0.1206   -0.1880    0.1667    0.0218    0.0587    0.3341    0.3656    0.1165    0.1255    0.0745   -0.4054   -0.0501   -0.3760    0.1291
   -0.2236   -0.1062   -0.1291    0.3500    0.0232    0.0784   -0.2434    0.4792    0.1667   -0.3667   -0.4079   -0.2723   -0.2067    0.4088    0.0149    0.0745    0.0965   -0.3404   -0.0821   -0.1291
   -0.2236    0.3555   -0.1291   -0.0782    0.3716   -0.1014    0.1206   -0.1880    0.1667   -0.0218   -0.0587   -0.3341   -0.3656    0.1165    0.1255    0.0745   -0.4054    0.0501    0.3760   -0.1291
   -0.2236    0.1062    0.1291   -0.3500    0.0232    0.0784   -0.2434    0.4792    0.1667    0.3667    0.4079    0.2723    0.2067    0.4088    0.0149    0.0745    0.0965    0.3404    0.0821    0.1291
   -0.2236   -0.2344    0.2887   -0.1131    0.2922    0.3012   -0.0555   -0.1421   -0.1667   -0.1060   -0.2013    0.0481    0.1238    0.1409   -0.2088   -0.2981    0.2716    0.1818    0.2228   -0.2887
   -0.2236   -0.1956    0.1291    0.3050    0.1182   -0.0252    0.2801    0.1765    0.1667   -0.1538   -0.0700    0.0926   -0.2554   -0.2906   -0.2275    0.0745    0.1606    0.1481    0.2890    0.1291
   -0.2236    0.1690   -0.1291    0.3266   -0.1008    0.4011   -0.1684    0.0831    0.1667   -0.0851   -0.0779   -0.0790    0.2906   -0.3755    0.2959    0.0745   -0.1233    0.3613    0.0412   -0.1291
   -0.2236    0.3649    0.1291    0.0170   -0.0387   -0.3774   -0.1041   -0.2224    0.1667   -0.2598   -0.2713    0.1408   -0.1316   -0.0831    0.1852    0.0745    0.3787    0.2180   -0.3289    0.1291
   -0.2236    0.2108    0.2887   -0.1509    0.0059   -0.2975   -0.3551    0.2196   -0.1667   -0.2389   -0.1479    0.0137    0.0352   -0.1515   -0.0981   -0.2981   -0.2303   -0.2519    0.1467   -0.2887
   -0.2236    0.0004    0.3873   -0.0045    0.0214    0.0015   -0.0076   -0.0373   -0.5000   -0.1069   -0.1366   -0.4131   -0.0751   -0.0227   -0.0038    0.4472   -0.0145    0.0048   -0.0811    0.3873
   -0.2236    0.0244    0.2887    0.2539   -0.2767   -0.0022    0.4029   -0.1147   -0.1667    0.3449    0.3491   -0.0618   -0.1589    0.0560    0.3145   -0.2981   -0.0123    0.0594   -0.1882   -0.2887
   -0.2236    0.2497    0.1291    0.2672   -0.4163    0.0215    0.1304   -0.2540    0.1667    0.2607    0.2066    0.3204    0.3304    0.2013   -0.3978    0.0745   -0.1216   -0.2856    0.2129    0.1291
